   1.0000000000000001e-01
   1.0797751623277096e-01
   1.1659144011798317e-01
   1.2589254117941673e-01
   1.3593563908785256e-01
   1.4677992676220694e-01
   1.5848931924611132e-01
   1.7113283041617811e-01
   1.8478497974222907e-01
   1.9952623149688797e-01
   2.1544346900318834e-01
   2.3263050671536262e-01
   2.5118864315095801e-01
   2.7122725793320285e-01
   2.9286445646252368e-01
   3.1622776601683794e-01
   3.4145488738336016e-01
   3.6869450645195756e-01
   3.9810717055349720e-01
   4.2986623470822766e-01
   4.6415888336127786e-01
   5.0118723362727224e-01
   5.4116952654646355e-01
   5.8434141337351753e-01
   6.3095734448019325e-01
   6.8129206905796136e-01
   7.3564225445964138e-01
   7.9432823472428149e-01
   8.5769589859089412e-01
   9.2611872812879348e-01
   1.0000000000000000e+00
   1.0797751623277094e+00
   1.1659144011798317e+00
   1.2589254117941675e+00
   1.3593563908785256e+00
   1.4677992676220697e+00
   1.5848931924611134e+00
   1.7113283041617811e+00
   1.8478497974222907e+00
   1.9952623149688797e+00
   2.1544346900318834e+00
   2.3263050671536263e+00
   2.5118864315095797e+00
   2.7122725793320281e+00
   2.9286445646252357e+00
   3.1622776601683795e+00
   3.4145488738336010e+00
   3.6869450645195752e+00
   3.9810717055349731e+00
   4.2986623470822769e+00
   4.6415888336127775e+00
   5.0118723362727202e+00
   5.4116952654646351e+00
   5.8434141337351750e+00
   6.3095734448019298e+00
   6.8129206905796114e+00
   7.3564225445964100e+00
   7.9432823472428131e+00
   8.5769589859089379e+00
   9.2611872812879330e+00
   9.9999999999999947e+00
   1.0797751623277094e+01
   1.1659144011798311e+01
   1.2589254117941667e+01
   1.3593563908785249e+01
   1.4677992676220690e+01
   1.5848931924611126e+01
   1.7113283041617802e+01
   1.8478497974222908e+01
   1.9952623149688787e+01
   2.1544346900318821e+01
   2.3263050671536249e+01
   2.5118864315095795e+01
   2.7122725793320271e+01
   2.9286445646252343e+01
   3.1622776601683778e+01
   3.4145488738336006e+01
   3.6869450645195734e+01
   3.9810717055349713e+01
   4.2986623470822764e+01
   4.6415888336127772e+01
   5.0118723362727195e+01
   5.4116952654646347e+01
   5.8434141337351754e+01
   6.3095734448019300e+01
   6.8129206905796082e+01
   7.3564225445964098e+01
   7.9432823472428140e+01
   8.5769589859089365e+01
   9.2611872812879326e+01
   9.9999999999999943e+01
   1.0797751623277094e+02
   1.1659144011798311e+02
   1.2589254117941661e+02
   1.3593563908785256e+02
   1.4677992676220691e+02
   1.5848931924611125e+02
   1.7113283041617791e+02
   1.8478497974222907e+02
   1.9952623149688787e+02
